1.209736e+31 1.650625e+16 1.019231e+16 -2.956539e+16 -1.047616e+03 6.146489e+02 3.348881e+02
1.172041e+31 1.701738e+16 -1.012438e+16 2.553518e+16 -6.003319e+02 -4.112332e+02 7.614963e+02
1.266401e+31 1.772911e+16 1.842662e+16 2.622450e+16 7.460014e+02 -1.327215e+03 3.134192e+02
2.312615e+31 1.786594e+16 1.735580e+16 2.622675e+16 2.118363e+03 3.578449e+03 -9.119346e+02
4.346104e+30 1.641158e+16 -1.346645e+16 2.155566e+16 -2.776800e+02 -1.433627e+02 1.105544e+03
1.780632e+30 1.789617e+16 1.734179e+16 2.623034e+16 -6.179455e+03 -5.167753e+03 3.663620e+03
1.241743e+31 1.789581e+16 1.734352e+16 2.623595e+16 -3.269030e+03 -3.617333e+03 -7.950640e+02
1.652674e+30 1.674791e+16 1.934808e+16 2.497130e+16 -4.145119e+02 -1.502017e+03 1.281278e+02
4.690245e+30 2.056645e+16 1.830055e+16 2.549432e+16 1.752994e+03 1.297604e+03 -8.353698e+02
9.320139e+29 1.771889e+16 1.715133e+16 2.634996e+16 -3.351820e+03 1.332226e+03 -5.175397e+02
1.456823e+29 5.552435e+15 1.207731e+16 -2.960243e+16 -6.861629e+03 -2.437111e+03 2.805000e+03
6.847949e+29 1.764881e+16 1.725265e+16 2.601249e+16 -1.854043e+03 1.490233e+03 2.236639e+03
2.880645e+30 1.665893e+16 -1.382069e+16 2.140470e+16 -9.337824e+02 1.597279e+02 4.708587e+02
1.443245e+30 1.510862e+16 1.673259e+16 2.880711e+16 -1.921496e+02 6.076188e+02 -9.842577e+02
8.357109e+29 1.675406e+16 1.915465e+16 2.528621e+16 7.864518e+02 -1.560723e+03 -6.824214e+02
3.754517e+27 2.958141e+16 1.759561e+16 -2.913466e+16 5.997900e+04 2.043407e+03 3.212004e+04
5.234560e+26 2.367589e+16 1.678191e+16 3.058101e+16 2.957810e+04 -2.144891e+03 2.177873e+04
7.767151e+25 8.796684e+15 1.660795e+16 2.340297e+16 -4.704416e+04 -3.090296e+03 -1.510513e+04
1.099167e+27 6.291798e+15 1.855753e+16 2.190286e+16 -5.984097e+04 6.969012e+03 -2.283424e+04
1.723879e+29 1.305875e+16 -1.472424e+16 -2.725668e+16 1.702120e+01 -4.702677e+01 2.133855e+02
8.099868e+26 1.779269e+16 1.841676e+16 2.624363e+16 -8.759178e+02 1.105934e+03 2.534526e+03